0 0.15845824411134904 0.7707581227436823 0.11134903640256959 0.18411552346570398
0 0.24732334047109208 0.759927797833935 0.09635974304068523 0.1624548736462094
0 0.33832976445396146 0.7418772563176895 0.0728051391862955 0.1263537906137184
0 0.38650963597430404 0.7996389891696751 0.14346895074946467 0.24187725631768953
0 0.45717344753747324 0.8176895306859205 0.16488222698072805 0.2779783393501805
0 0.5492505353319058 0.7996389891696751 0.14346895074946467 0.24187725631768953
0 0.6413276231263383 0.7815884476534296 0.12205567451820129 0.20577617328519857
0 0.7473233404710921 0.7418772563176895 0.0728051391862955 0.11913357400722022
0 0.8201284796573876 0.7563176895306859 0.08993576017130621 0.1552346570397112
0 0.892933618843683 0.7725631768953068 0.13276231263383298 0.22382671480144403
1 0.0974304068522484 0.16425992779783394 0.09635974304068523 0.039711191335740074
1 0.09528907922912205 0.24368231046931407 0.09207708779443255 0.039711191335740074
1 0.09528907922912205 0.3267148014440433 0.09635974304068523 0.039711191335740074
1 0.09528907922912205 0.40794223826714804 0.09207708779443255 0.04332129963898917
1 0.0974304068522484 0.4891696750902527 0.09635974304068523 0.039711191335740074
1 0.09635974304068523 0.5685920577617328 0.09421841541755889 0.039711191335740074
1 0.13597430406852248 0.6516245487364621 0.019271948608137045 0.039711191335740074
2 0.2012847965738758 0.26692934207145147 0.021413276231263382 0.036101083032490974
2 0.2826552462526767 0.4181518367040457 0.021413276231263382 0.036101083032490974
2 0.36616702355460384 0.33362676828893223 0.021413276231263382 0.036101083032490974
2 0.44967880085653106 0.3352310148423412 0.021413276231263382 0.036101083032490974
2 0.5310492505353319 0.30866840109070004 0.021413276231263382 0.036101083032490974
2 0.6124197002141327 0.338981589438194 0.021413276231263382 0.036101083032490974
2 0.69593147751606 0.23783318189873032 0.021413276231263382 0.036101083032490974
2 0.7794432548179872 0.29530401186623706 0.021413276231263382 0.036101083032490974
2 0.860813704496788 0.23924868600131316 0.021413276231263382 0.036101083032490974
2 0.9421841541755889 0.48145716577659536 0.021413276231263382 0.036101083032490974
3 0.5749464668094219 0.40794223826714804 0.815845824411135 0.4981949458483754