0 0.14763779527559054 0.817629179331307 0.13385826771653545 0.2066869300911854
0 0.20275590551181102 0.8009118541033434 0.1141732283464567 0.17325227963525835
0 0.23917322834645668 0.8237082066869301 0.17913385826771652 0.2857142857142857
0 0.28051181102362205 0.8328267477203647 0.18700787401574803 0.303951367781155
0 0.3671259842519685 0.7781155015197568 0.08464566929133858 0.12158054711246201
0 0.4045275590551181 0.7872340425531915 0.09645669291338582 0.1519756838905775
0 0.4625984251968504 0.7750759878419453 0.07874015748031496 0.12158054711246201
0 0.5029527559055118 0.7872340425531915 0.09645669291338582 0.1458966565349544
0 0.5590551181102362 0.7735562310030395 0.07874015748031496 0.11854103343465046
0 0.5846456692913385 0.8085106382978723 0.1220472440944882 0.1945288753799392
0 0.6377952755905512 0.8009118541033434 0.1141732283464567 0.17325227963525835
0 0.6761811023622047 0.8161094224924013 0.13582677165354332 0.20972644376899696
0 0.7608267716535433 0.7598784194528876 0.0610236220472441 0.0972644376899696
0 0.8051181102362205 0.7659574468085106 0.06692913385826772 0.1033434650455927
0 0.8513779527559056 0.7689969604863222 0.07283464566929133 0.1094224924012158
0 0.890748031496063 0.7857142857142857 0.09251968503937008 0.14285714285714285
1 0.1220472440944882 0.1899696048632219 0.07874015748031496 0.03343465045592705
1 0.1220472440944882 0.2735562310030395 0.07874015748031496 0.0364741641337386
1 0.1220472440944882 0.3556231003039514 0.07874015748031496 0.0364741641337386
1 0.1220472440944882 0.44072948328267475 0.07874015748031496 0.0364741641337386
1 0.1220472440944882 0.5243161094224924 0.07874015748031496 0.03343465045592705
1 0.12401574803149606 0.6094224924012158 0.07480314960629922 0.03343465045592705
1 0.1545275590551181 0.6914893617021277 0.017716535433070866 0.03343465045592705
2 0.20078740157480315 0.2954753306779181 0.01968503937007874 0.030395136778115502
2 0.25 0.4728502020447498 0.01968503937007874 0.030395136778115502
2 0.30118110236220474 0.4363190984361379 0.01968503937007874 0.030395136778115502
2 0.35039370078740156 0.41862713089544046 0.01968503937007874 0.030395136778115502
2 0.39960629921259844 0.4667344601788297 0.01968503937007874 0.030395136778115502
2 0.44291338582677164 0.32605404000751864 0.01968503937007874 0.030395136778115502
2 0.4940944881889764 0.433370437179355 0.01968503937007874 0.030395136778115502
2 0.5393700787401575 0.30464894347679816 0.01968503937007874 0.030395136778115502
2 0.5905511811023622 0.21597068642095657 0.01968503937007874 0.030395136778115502
2 0.639763779527559 0.3077068144097583 0.01968503937007874 0.030395136778115502
2 0.6850393700787402 0.4392677596929208 0.01968503937007874 0.030395136778115502
2 0.734251968503937 0.4453293636481093 0.01968503937007874 0.030395136778115502
2 0.781496062992126 0.2985332016108781 0.01968503937007874 0.030395136778115502
2 0.8307086614173228 0.4363190984361379 0.01968503937007874 0.030395136778115502
2 0.8779527559055118 0.22208642828687677 0.01968503937007874 0.030395136778115502
2 0.9291338582677166 0.3321697818734387 0.01968503937007874 0.030395136778115502
5 0.562007874015748 0.44224924012158057 0.7696850393700787 0.5075987841945289