0 0.1346153846153846 0.8686868686868687 0.02631578947368421 0.03367003367003367
0 0.19331983805668015 0.8686868686868687 0.02631578947368421 0.03367003367003367
0 0.2540485829959514 0.8720538720538721 0.02631578947368421 0.03367003367003367
0 0.30870445344129555 0.8653198653198653 0.02631578947368421 0.03367003367003367
0 0.3674089068825911 0.8686868686868687 0.02631578947368421 0.03367003367003367
0 0.4240890688259109 0.8653198653198653 0.02631578947368421 0.03367003367003367
0 0.48279352226720645 0.8653198653198653 0.02631578947368421 0.03367003367003367
0 0.541497975708502 0.8686868686868687 0.02631578947368421 0.03367003367003367
0 0.5981781376518218 0.8653198653198653 0.02631578947368421 0.03367003367003367
0 0.6568825910931174 0.8653198653198653 0.02631578947368421 0.03367003367003367
0 0.7135627530364372 0.8686868686868687 0.02631578947368421 0.03367003367003367
0 0.7722672064777328 0.8653198653198653 0.02631578947368421 0.03367003367003367
0 0.832995951417004 0.8653198653198653 0.02631578947368421 0.03367003367003367
0 0.8876518218623481 0.8653198653198653 0.02631578947368421 0.03367003367003367
0 0.9504048582995951 0.8653198653198653 0.02631578947368421 0.03367003367003367
1 0.07388663967611336 0.11447811447811448 0.02631578947368421 0.03367003367003367
1 0.07186234817813765 0.2222222222222222 0.02631578947368421 0.03367003367003367
1 0.07388663967611336 0.31986531986531985 0.02631578947368421 0.03367003367003367
1 0.07388663967611336 0.4208754208754209 0.02631578947368421 0.03367003367003367
1 0.07186234817813765 0.5185185185185185 0.02631578947368421 0.03367003367003367
1 0.07591093117408906 0.6195286195286195 0.02631578947368421 0.03367003367003367
1 0.0840080971659919 0.7205387205387206 0.02631578947368421 0.03367003367003367
1 0.08198380566801619 0.8215488215488216 0.02631578947368421 0.03367003367003367
2 0.1396761133603239 0.44090991035285243 0.020242914979757085 0.03367003367003367
2 0.19635627530364372 0.20149314899756887 0.020242914979757085 0.03367003367003367
2 0.2550607287449393 0.19058805105316734 0.020242914979757085 0.03367003367003367
2 0.31376518218623484 0.29295475085370837 0.020242914979757085 0.03367003367003367
2 0.37044534412955465 0.46764118816342387 0.020242914979757085 0.03367003367003367
2 0.4291497975708502 0.46740501982591187 0.020242914979757085 0.03367003367003367
2 0.48582995951417 0.3018577024296946 0.020242914979757085 0.03367003367003367
2 0.5445344129554656 0.4061157881086773 0.020242914979757085 0.03367003367003367
2 0.6032388663967612 0.49708106038855393 0.020242914979757085 0.03367003367003367
2 0.659919028340081 0.39873726418483013 0.020242914979757085 0.03367003367003367
2 0.7186234817813765 0.3539720805021937 0.020242914979757085 0.03367003367003367
2 0.7753036437246964 0.2001235437927944 0.020242914979757085 0.0336700336700337
2 0.8340080971659919 0.25004458456546735 0.020242914979757085 0.03367003367003367
2 0.8927125506072875 0.4027074739628242 0.020242914979757085 0.03367003367003367
2 0.9493927125506073 0.21525613848393382 0.020242914979757085 0.03367003367003367
3 0.5404858299595142 0.47474747474747475 0.8744939271255061 0.7003367003367004