0 0.156 0.8523076923076923 0.02 0.043076923076923075
0 0.214 0.8523076923076923 0.02 0.043076923076923075
0 0.276 0.8523076923076923 0.02 0.043076923076923075
0 0.34 0.8523076923076923 0.02 0.043076923076923075
0 0.404 0.8523076923076923 0.02 0.043076923076923075
0 0.466 0.8553846153846154 0.032 0.043076923076923075
0 0.529 0.8523076923076923 0.03 0.043076923076923075
0 0.59 0.8523076923076923 0.032 0.043076923076923075
0 0.654 0.8553846153846154 0.032 0.043076923076923075
0 0.719 0.8584615384615385 0.03 0.043076923076923075
0 0.776 0.8553846153846154 0.032 0.043076923076923075
0 0.84 0.8523076923076923 0.032 0.043076923076923075
0 0.902 0.8523076923076923 0.032 0.043076923076923075
0 0.962 0.8523076923076923 0.032 0.043076923076923075
1 0.096 0.11692307692307692 0.068 0.043076923076923075
1 0.094 0.2 0.068 0.043076923076923075
1 0.094 0.28923076923076924 0.068 0.043076923076923075
1 0.096 0.3723076923076923 0.068 0.043076923076923075
1 0.098 0.4492307692307692 0.068 0.043076923076923075
1 0.1 0.5384615384615384 0.068 0.043076923076923075
1 0.102 0.6215384615384615 0.068 0.043076923076923075
1 0.102 0.7076923076923077 0.068 0.043076923076923075
1 0.102 0.7846153846153846 0.068 0.043076923076923075
2 0.18662411782755448 0.5375506349039775 0.02 0.03076923076923077
2 0.21637618901503533 0.388352747752475 0.02 0.030769230769230813
2 0.24905369745320655 0.35917724839962234 0.02 0.03076923076923077
2 0.2826038662166309 0.4228299576730683 0.02 0.03076923076923077
2 0.3122816814973918 0.2582222688634695 0.02 0.03076923076923077
2 0.3439380177968702 0.48012593136740483 0.02 0.03076923076923077
2 0.3736158330776312 0.4922153426382623 0.02 0.03076923076923077
2 0.4043565510892912 0.3032637212719069 0.02 0.03076923076923077
2 0.4360128873887696 0.3259313674047645 0.02 0.03076923076923077
2 0.4695955814667076 0.4416357085388464 0.02 0.03076923076923077
2 0.49729487572875114 0.5330171056774059 0.02 0.03076923076923077
2 0.5289512120282295 0.5133718123622626 0.02 0.03076923076923077
2 0.5596182878183492 0.4337999790114388 0.02 0.03076923076923077
2 0.5923369131635471 0.33499842585790757 0.02 0.03076923076923077
2 0.6219509051856399 0.36371077762619386 0.02 0.03076923076923077
2 0.6536072414851182 0.4228299576730683 0.02 0.03076923076923077
2 0.6852758514881866 0.3289537202224789 0.02 0.03076923076923077
2 0.7139644062595889 0.3727778360793369 0.02 0.03076923076923077
2 0.7475992635777846 0.6281834400251864 0.02 0.03076923076923077
2 0.7762878183491868 0.4040242068072902 0.02 0.03076923076923077
2 0.8089100951212028 0.4710588729142618 0.02 0.03076923076923077
2 0.8395452592819885 0.5749004792388149 0.02 0.03076923076923077
2 0.8712783062289047 0.15662503935355238 0.02 0.03076923076923077
2 0.902934642528383 0.4102927904292162 0.02 0.03076923076923077
2 0.9329422113122634 0.3450729352502887 0.02 0.03076923076923077
2 0.9632795335992635 0.46299926540035696 0.02 0.03076923076923077
6 0.559 0.46153846153846156 0.814 0.676923076923077