0 0.1328600405679513 0.676678445229682 0.07505070993914807 0.13074204946996468
0 0.22515212981744423 0.6731448763250883 0.07302231237322515 0.1166077738515901
0 0.30425963488843816 0.6713780918727915 0.07302231237322515 0.127208480565371
0 0.35192697768762676 0.7455830388692579 0.17647058823529413 0.31095406360424027
0 0.4695740365111562 0.6819787985865724 0.08316430020283976 0.14840989399293286
0 0.5598377281947262 0.6784452296819788 0.07707910750507099 0.13427561837455831
0 0.603448275862069 0.7491166077738516 0.16024340770791076 0.2826855123674912
0 0.7068965517241379 0.7120141342756183 0.11561866125760649 0.20848056537102475
0 0.7981744421906694 0.7014134275618374 0.10344827586206896 0.18021201413427562
0 0.8742393509127789 0.7190812720848057 0.12981744421906694 0.21554770318021202
1 0.08113590263691683 0.2597173144876325 0.04056795131845842 0.038869257950530034
1 0.07910750507099391 0.30565371024734983 0.04056795131845842 0.038869257950530034
1 0.08012170385395538 0.35335689045936397 0.038539553752535496 0.0353356890459364
1 0.08519269776876268 0.39752650176678445 0.032454361054766734 0.038869257950530034
1 0.08519269776876268 0.44346289752650175 0.032454361054766734 0.038869257950530034
1 0.08519269776876268 0.48939929328621906 0.032454361054766734 0.038869257950530034
1 0.08620689655172414 0.5335689045936396 0.030425963488843813 0.0353356890459364
1 0.0922920892494929 0.5812720848056537 0.018255578093306288 0.038869257950530034
2 0.16024340770791076 0.3547781471502288 0.02028397565922921 0.0353356890459364
2 0.24543610547667344 0.3692642793743332 0.02028397565922921 0.0353356890459364
2 0.3306288032454361 0.3647019940440139 0.02028397565922921 0.0353356890459364
2 0.4158215010141988 0.39678666683212654 0.02028397565922921 0.0353356890459364
2 0.5010141987829615 0.35525375483052807 0.02028397565922921 0.0353356890459364
2 0.5862068965517241 0.3618861864428142 0.02028397565922921 0.0353356890459364
2 0.6713995943204868 0.3134186289391441 0.02028397565922921 0.0353356890459364
2 0.7565922920892495 0.35866422710903534 0.02028397565922921 0.0353356890459364
2 0.8417849898580122 0.3456579370133386 0.02028397565922921 0.0353356890459364
2 0.9269776876267748 0.4301612779118397 0.02028397565922921 0.0353356890459364
3 0.5446247464503042 0.42402826855123676 0.8498985801217038 0.3250883392226148