0 0.13146997929606624 0.87 0.031055900621118012 0.03333333333333333
0 0.19047619047619047 0.87 0.028985507246376812 0.03333333333333333
0 0.2474120082815735 0.87 0.031055900621118012 0.03333333333333333
0 0.3053830227743271 0.87 0.031055900621118012 0.03333333333333333
0 0.36542443064182195 0.87 0.031055900621118012 0.03333333333333333
0 0.42339544513457555 0.87 0.031055900621118012 0.03333333333333333
0 0.47929606625258797 0.87 0.031055900621118012 0.03333333333333333
0 0.5393374741200828 0.87 0.031055900621118012 0.03333333333333333
0 0.5973084886128365 0.87 0.031055900621118012 0.03333333333333333
0 0.6542443064182195 0.87 0.033126293995859216 0.03333333333333333
0 0.7122153209109731 0.87 0.028985507246376812 0.03333333333333333
0 0.7691511387163561 0.87 0.031055900621118012 0.03333333333333333
0 0.8271221532091098 0.87 0.031055900621118012 0.03333333333333333
0 0.8871635610766045 0.87 0.031055900621118012 0.03333333333333333
0 0.9440993788819876 0.87 0.033126293995859216 0.03333333333333333
1 0.07246376811594203 0.10833333333333334 0.028985507246376812 0.03666666666666667
1 0.07246376811594203 0.18833333333333332 0.028985507246376812 0.03666666666666667
1 0.07349896480331262 0.26666666666666666 0.026915113871635612 0.03333333333333333
1 0.07246376811594203 0.3466666666666667 0.028985507246376812 0.03333333333333333
1 0.07246376811594203 0.425 0.028985507246376812 0.03666666666666667
1 0.07246376811594203 0.5033333333333333 0.028985507246376812 0.03333333333333333
1 0.07349896480331262 0.585 0.026915113871635612 0.03666666666666667
1 0.07246376811594203 0.6633333333333333 0.028985507246376812 0.03333333333333333
1 0.07349896480331262 0.7416666666666667 0.026915113871635612 0.03666666666666667
1 0.07867494824016563 0.8216666666666667 0.016563146997929608 0.03666666666666667
2 0.13457556935817805 0.3327439635886754 0.020703933747412008 0.03333333333333333
2 0.19254658385093168 0.3031361021311018 0.020703933747412008 0.03333333333333333
2 0.2505175983436853 0.4148346405444843 0.020703933747412008 0.03333333333333333
2 0.3084886128364389 0.3640957933628916 0.020703933747412008 0.03333333333333333
2 0.36645962732919257 0.21371220875771385 0.020703933747412008 0.03333333333333333
2 0.4244306418219462 0.2298330412933513 0.020703933747412008 0.03333333333333333
2 0.4824016563146998 0.23154261547247917 0.020703933747412008 0.03333333333333333
2 0.5403726708074534 0.2214720859833688 0.020703933747412008 0.03333333333333333
2 0.598343685300207 0.21760757873866912 0.020703933747412008 0.03333333333333333
2 0.6563146997929606 0.410065850782487 0.020703933747412008 0.03333333333333333
2 0.7142857142857143 0.45642314616195934 0.020703933747412008 0.03333333333333333
2 0.772256728778468 0.4343598787328502 0.020703933747412008 0.03333333333333333
2 0.8302277432712215 0.3865727730573832 0.020703933747412008 0.03333333333333333
2 0.8881987577639752 0.351603877429833 0.020703933747412008 0.03333333333333333
2 0.9461697722567288 0.20171830738290913 0.020703933747412008 0.03333333333333333
3 0.5383022774327122 0.4666666666666667 0.8695652173913043 0.72