0 0.12674650698602793 0.8762541806020067 0.013972055888223553 0.033444816053511704
0 0.18463073852295409 0.8762541806020067 0.013972055888223553 0.033444816053511704
0 0.2435129740518962 0.8762541806020067 0.015968063872255488 0.033444816053511704
0 0.3013972055888224 0.8762541806020067 0.015968063872255488 0.033444816053511704
0 0.36127744510978044 0.8762541806020067 0.015968063872255488 0.033444816053511704
0 0.42015968063872255 0.8762541806020067 0.017964071856287425 0.033444816053511704
0 0.47904191616766467 0.8762541806020067 0.015968063872255488 0.033444816053511704
0 0.5369261477045908 0.8762541806020067 0.015968063872255488 0.033444816053511704
0 0.5958083832335329 0.8762541806020067 0.017964071856287425 0.033444816053511704
0 0.655688622754491 0.8762541806020067 0.02594810379241517 0.033444816053511704
0 0.7145708582834331 0.8762541806020067 0.023952095808383235 0.033444816053511704
0 0.7734530938123753 0.8762541806020067 0.02594810379241517 0.033444816053511704
0 0.8313373253493014 0.8762541806020067 0.02594810379241517 0.033444816053511704
0 0.8912175648702595 0.8762541806020067 0.02594810379241517 0.033444816053511704
0 0.9491017964071856 0.8762541806020067 0.02594810379241517 0.033444816053511704
1 0.0658682634730539 0.1254180602006689 0.027944111776447105 0.03678929765886288
1 0.0658682634730539 0.20234113712374582 0.027944111776447105 0.03678929765886288
1 0.0658682634730539 0.2826086956521739 0.027944111776447105 0.03678929765886288
1 0.0658682634730539 0.3595317725752508 0.027944111776447105 0.03678929765886288
1 0.0658682634730539 0.43812709030100333 0.027944111776447105 0.033444816053511704
1 0.0658682634730539 0.5150501672240803 0.027944111776447105 0.033444816053511704
1 0.0658682634730539 0.5936454849498328 0.027944111776447105 0.03678929765886288
1 0.0658682634730539 0.6722408026755853 0.027944111776447105 0.033444816053511704
1 0.06686626746506986 0.7508361204013378 0.02594810379241517 0.03678929765886288
1 0.07085828343313373 0.8277591973244147 0.017964071856287425 0.03678929765886288
2 0.12574850299401197 0.26044685733965117 0.01996007984031936 0.033444816053511704
2 0.18363273453093812 0.243359227596944 0.01996007984031936 0.033444816053511704
2 0.2435129740518962 0.18276749458166558 0.01996007984031936 0.033444816053511704
2 0.3013972055888224 0.243359227596944 0.01996007984031936 0.033444816053511704
2 0.3592814371257485 0.44164139341182207 0.01996007984031936 0.033444816053511704
2 0.41916167664670656 0.46456729664995433 0.01996007984031936 0.033444816053511704
2 0.47704590818363274 0.3400430407859043 0.01996007984031936 0.033444816053511704
2 0.5369261477045908 0.39380341367595784 0.01996007984031936 0.033444816053511704
2 0.5948103792415169 0.29091610527562106 0.01996007984031936 0.033444816053511704
2 0.654690618762475 0.3400430407859043 0.01996007984031936 0.033444816053511704
2 0.7125748502994012 0.3465932988539421 0.01996007984031936 0.033444816053511704
2 0.7704590818363274 0.3007414923776777 0.01996007984031936 0.033444816053511704
2 0.8303393213572854 0.3596938149900176 0.01996007984031936 0.033444816053511704
2 0.8882235528942116 0.3531435569219799 0.01996007984031936 0.033444816053511704
2 0.9481037924151696 0.4481916514798599 0.01996007984031936 0.033444816053511704
5 0.5409181636726547 0.479933110367893 0.8902195608782435 0.705685618729097