0 0.14853556485355648 0.6118881118881119 0.07531380753138076 0.13286713286713286
0 0.22384937238493724 0.6241258741258742 0.09205020920502092 0.15734265734265734
0 0.3054393305439331 0.6276223776223776 0.09623430962343096 0.15734265734265734
0 0.399581589958159 0.6083916083916084 0.07112970711297072 0.11888111888111888
0 0.4696652719665272 0.6346153846153846 0.10669456066945607 0.17832167832167833
0 0.5104602510460251 0.701048951048951 0.18410041841004185 0.3111888111888112
0 0.5899581589958159 0.7097902097902098 0.19665271966527198 0.32867132867132864
0 0.6830543933054394 0.6958041958041958 0.20292887029288703 0.34265734265734266
0 0.8232217573221757 0.5944055944055944 0.056485355648535567 0.0979020979020979
0 0.8692468619246861 0.6573426573426573 0.13179916317991633 0.22377622377622378
1 0.09937238493723849 0.17132867132867133 0.03138075313807531 0.04195804195804196
1 0.09100418410041841 0.21503496503496503 0.04811715481171548 0.038461538461538464
1 0.100418410041841 0.25524475524475526 0.029288702928870293 0.03496503496503497
1 0.09100418410041841 0.3006993006993007 0.04811715481171548 0.03496503496503497
1 0.09937238493723849 0.34265734265734266 0.03138075313807531 0.03496503496503497
1 0.09100418410041841 0.38636363636363635 0.04811715481171548 0.038461538461538464
1 0.100418410041841 0.4318181818181818 0.029288702928870293 0.038461538461538464
1 0.0899581589958159 0.4772727272727273 0.0502092050209205 0.038461538461538464
1 0.09937238493723849 0.5209790209790209 0.03138075313807531 0.03496503496503497
2 0.17364016736401675 0.35174774211357634 0.02092050209205021 0.03496503496503497
2 0.2615062761506276 0.2877847702459613 0.02092050209205021 0.03496503496503497
2 0.3472803347280335 0.43356643356643354 0.02092050209205021 0.03496503496503497
2 0.42887029288702927 0.43356643356643354 0.02092050209205021 0.03496503496503497
2 0.5125523012552301 0.20897533424007697 0.02092050209205021 0.03496503496503497
2 0.5941422594142259 0.43356643356643354 0.02092050209205021 0.03496503496503497
2 0.6799163179916318 0.3932697967952741 0.02092050209205021 0.03496503496503497
2 0.7635983263598326 0.3189430368436943 0.02092050209205021 0.03496503496503497
2 0.8430962343096234 0.43356643356643354 0.02092050209205021 0.03496503496503497
2 0.9309623430962343 0.3189430368436943 0.02092050209205021 0.03496503496503497
5 0.555439330543933 0.3479020979020979 0.8389121338912134 0.3531468531468531