0 0.10021097046413502 0.9060283687943262 0.0189873417721519 0.03900709219858156
0 0.1729957805907173 0.9060283687943262 0.016877637130801686 0.03900709219858156
0 0.24578059071729957 0.9060283687943262 0.0189873417721519 0.03900709219858156
0 0.31962025316455694 0.9060283687943262 0.0189873417721519 0.03900709219858156
0 0.39135021097046413 0.9060283687943262 0.0189873417721519 0.03900709219858156
0 0.46624472573839665 0.9060283687943262 0.029535864978902954 0.03900709219858156
0 0.5379746835443038 0.9060283687943262 0.029535864978902954 0.03900709219858156
0 0.6118143459915611 0.9060283687943262 0.029535864978902954 0.03900709219858156
0 0.6835443037974683 0.9060283687943262 0.029535864978902954 0.03900709219858156
0 0.7552742616033755 0.9060283687943262 0.029535864978902954 0.03900709219858156
0 0.8280590717299579 0.9060283687943262 0.03164556962025317 0.03900709219858156
0 0.9008438818565401 0.9060283687943262 0.029535864978902954 0.03900709219858156
0 0.9736286919831224 0.9060283687943262 0.03164556962025317 0.03900709219858156
1 0.05907172995780591 0.14361702127659576 0.04219409282700422 0.03900709219858156
1 0.05907172995780591 0.26063829787234044 0.04219409282700422 0.03900709219858156
1 0.06540084388185655 0.3776595744680851 0.03375527426160337 0.03900709219858156
1 0.06645569620253164 0.49645390070921985 0.03164556962025317 0.0425531914893617
1 0.06540084388185655 0.6170212765957447 0.03375527426160337 0.0425531914893617
1 0.06645569620253164 0.7358156028368794 0.03164556962025317 0.03900709219858156
1 0.07067510548523206 0.8528368794326241 0.0189873417721519 0.03900709219858156
2 0.13529804669045178 0.708667929226136 0.02109704641350211 0.03546099290780142
2 0.17060912630532885 0.756953775511284 0.02109704641350211 0.03546099290780142
2 0.2105143117801346 0.7144869882313942 0.02109704641350211 0.03546099290780142
2 0.24401300034211426 0.42813462128505997 0.02109704641350211 0.03546099290780142
2 0.28211394034178855 0.7272889180429626 0.02109704641350211 0.03546099290780142
2 0.3210172197513971 0.5626518686232814 0.02109704641350211 0.03546099290780142
2 0.35166495609533593 0.4537384809081966 0.02109704641350211 0.03546099290780142
2 0.38872733492986655 0.60461962750969 0.02109704641350211 0.03546099290780142
2 0.42616033755274263 0.33477575462615194 0.02109704641350211 0.03546099290780142
2 0.4657315543391493 0.5302767403394806 0.02109704641350211 0.03546099290780142
2 0.49780476679210856 0.6935383758124642 0.02109704641350211 0.03546099290780142
2 0.5362926217356597 0.8073150861749739 0.02109704641350211 0.03546099290780142
2 0.5726422625156802 0.4967995175471082 0.02109704641350211 0.03546099290780142
2 0.6089919032957009 0.37794259233788635 0.02109704641350211 0.03546099290780142
2 0.647092843295375 0.6819002578019477 0.02109704641350211 0.03546099290780142
2 0.6824324324324323 0.4176603150755951 0.02109704641350211 0.03546099290780142
2 0.7173565971034327 0.4013669498608718 0.02109704641350211 0.03546099290780142
2 0.7565205350015477 0.6528049627756561 0.02109704641350211 0.03546099290780142
2 0.7932163628366161 0.35396101583136735 0.02109704641350211 0.03546099290780142
2 0.8271467670201849 0.6154113369376234 0.02109704641350211 0.03546099290780142
2 0.8634964078002052 0.7713427214151954 0.02109704641350211 0.03546099290780142
2 0.900558786634736 0.25467199904073706 0.02109704641350211 0.03546099290780142
2 0.9365703859374745 0.39903932625876837 0.02109704641350211 0.03546099290780142
2 0.9718814655523517 0.7342717888492727 0.02109704641350211 0.03546099290780142
6 0.5443037974683544 0.50177304964539 0.890295358649789 0.7127659574468085