0 0.18801652892561985 0.788235294117647 0.049586776859504134 0.2411764705882353
0 0.23553719008264462 0.7852941176470588 0.0371900826446281 0.2529411764705882
0 0.2902892561983471 0.7897058823529411 0.03512396694214876 0.25
0 0.34607438016528924 0.7823529411764706 0.03512396694214876 0.2529411764705882
0 0.40082644628099173 0.788235294117647 0.03305785123966942 0.25882352941176473
0 0.4617768595041322 0.7617647058823529 0.03925619834710744 0.20588235294117646
0 0.515495867768595 0.7617647058823529 0.03925619834710744 0.20588235294117646
0 0.5712809917355371 0.7588235294117647 0.03925619834710744 0.20588235294117646
0 0.6270661157024794 0.7588235294117647 0.03925619834710744 0.20588235294117646
0 0.6828512396694215 0.763235294117647 0.03925619834710744 0.20294117647058824
0 0.7365702479338843 0.7617647058823529 0.03925619834710744 0.20588235294117646
0 0.7944214876033058 0.7676470588235295 0.03925619834710744 0.20588235294117646
0 0.8481404958677686 0.763235294117647 0.03925619834710744 0.20294117647058824
0 0.9039256198347108 0.763235294117647 0.03925619834710744 0.20294117647058824
0 0.9597107438016529 0.763235294117647 0.03925619834710744 0.20294117647058824
1 0.09400826446280992 0.17941176470588235 0.05165289256198347 0.047058823529411764
1 0.09400826446280992 0.25735294117647056 0.05165289256198347 0.04411764705882353
1 0.10020661157024793 0.3338235294117647 0.04338842975206612 0.04411764705882353
1 0.0981404958677686 0.41323529411764703 0.04338842975206612 0.04411764705882353
1 0.10020661157024793 0.48676470588235293 0.04338842975206612 0.04411764705882353
1 0.09607438016528926 0.5632352941176471 0.04338842975206612 0.04411764705882353
1 0.11053719008264463 0.6397058823529411 0.04338842975206612 0.04411764705882353
2 0.1859504132231405 0.5381673948149169 0.02066115702479339 0.029411764705882353
2 0.24173553719008264 0.4602842183090286 0.02066115702479339 0.029411764705882353
2 0.2975206611570248 0.4234184777704925 0.02066115702479339 0.029411764705882353
2 0.35330578512396693 0.43917382386025283 0.02066115702479339 0.029411764705882353
2 0.40702479338842973 0.3642509417010329 0.02066115702479339 0.029411764705882394
2 0.4628099173553719 0.3264931790269402 0.02066115702479339 0.029411764705882353
2 0.518595041322314 0.40556147570161327 0.02066115702479339 0.029411764705882353
2 0.5743801652892562 0.42154423344140807 0.02066115702479339 0.029411764705882353
2 0.6301652892561983 0.41899305233904593 0.02066115702479339 0.029411764705882353
2 0.6859504132231405 0.5094948364596463 0.02066115702479339 0.029411764705882353
2 0.7417355371900827 0.4403386488453651 0.02066115702479339 0.029411764705882353
2 0.7954545454545454 0.3081207820624855 0.02066115702479339 0.029411764705882353
2 0.8512396694214877 0.2776047994000752 0.02066115702479339 0.029411764705882353
2 0.9070247933884298 0.44387600079401857 0.02066115702479339 0.029411764705882353
2 0.9628099173553719 0.5830607737500304 0.02066115702479339 0.029411764705882353
3 0.5681818181818182 0.41323529411764703 0.8388429752066116 0.4676470588235294