0 0.15703125 0.8645833333333334 0.0359375 0.03333333333333333
0 0.22421875 0.8604166666666667 0.0390625 0.029166666666666667
0 0.28671875 0.8614583333333333 0.0390625 0.027083333333333334
0 0.35078125 0.8645833333333334 0.0390625 0.03333333333333333
0 0.41484375 0.8645833333333334 0.0453125 0.03333333333333333
0 0.478125 0.8645833333333334 0.0375 0.03333333333333333
0 0.540625 0.8635416666666667 0.028125 0.035416666666666666
0 0.60625 0.8645833333333334 0.04375 0.03333333333333333
0 0.67109375 0.8645833333333334 0.0390625 0.03333333333333333
0 0.73671875 0.8614583333333333 0.0390625 0.027083333333333334
0 0.8 0.8614583333333333 0.04375 0.027083333333333334
0 0.86328125 0.8614583333333333 0.0421875 0.027083333333333334
1 0.0953125 0.27395833333333336 0.028125 0.027083333333333334
1 0.09609375 0.38229166666666664 0.0296875 0.027083333333333334
1 0.09609375 0.48854166666666665 0.0265625 0.027083333333333334
1 0.09609375 0.5958333333333333 0.0265625 0.025
1 0.09609375 0.703125 0.0265625 0.027083333333333334
1 0.0953125 0.8083333333333333 0.025 0.025
2 0.1609375 0.246742325983571 0.015625 0.020833333333333332
2 0.225 0.20980288154784302 0.015625 0.020833333333333332
2 0.2890625 0.37010508467377434 0.015625 0.020833333333333332
2 0.353125 0.46594107059993684 0.015625 0.020833333333333332
2 0.4171875 0.4267722475589693 0.015625 0.020833333333333332
2 0.48125 0.5570727658276297 0.015625 0.020833333333333332
2 0.5453125 0.5329048613409102 0.015625 0.020833333333333332
2 0.609375 0.5935552252186496 0.015625 0.020833333333333332
2 0.6734375 0.7435558919751527 0.015625 0.020833333333333332
2 0.7375 0.7530989110663953 0.015625 0.020833333333333332
2 0.8015625 0.7952108634988014 0.015625 0.020833333333333332
2 0.865625 0.7439595830631215 0.015625 0.020833333333333332
3 0.51328125 0.5052083333333334 0.7765625 0.6520833333333333