0 0.13932806324110672 0.754746835443038 0.045454545454545456 0.07278481012658228
0 0.20948616600790515 0.7784810126582279 0.07509881422924901 0.12025316455696203
0 0.30039525691699603 0.7784810126582279 0.07509881422924901 0.12025316455696203
0 0.358695652173913 0.8212025316455697 0.1324110671936759 0.2120253164556962
0 0.43873517786561267 0.8401898734177216 0.1541501976284585 0.24367088607594936
0 0.5642292490118577 0.7768987341772152 0.07312252964426877 0.11075949367088607
0 0.6521739130434783 0.7832278481012658 0.07905138339920949 0.1360759493670886
0 0.7391304347826086 0.7863924050632911 0.08695652173913043 0.14240506329113925
0 0.8231225296442688 0.7911392405063291 0.09288537549407115 0.13924050632911392
0 0.9140316205533597 0.7816455696202531 0.09288537549407115 0.13924050632911392
1 0.0741106719367589 0.17563291139240506 0.029644268774703556 0.03481012658227848
1 0.07114624505928854 0.22943037974683544 0.02766798418972332 0.03481012658227848
1 0.07114624505928854 0.28955696202531644 0.02766798418972332 0.03481012658227848
1 0.07015810276679842 0.34651898734177217 0.029644268774703556 0.03481012658227848
1 0.07213438735177866 0.40822784810126583 0.029644268774703556 0.0379746835443038
1 0.0741106719367589 0.4651898734177215 0.029644268774703556 0.0379746835443038
1 0.07015810276679842 0.5189873417721519 0.029644268774703556 0.0379746835443038
1 0.07213438735177866 0.5759493670886076 0.029644268774703556 0.0379746835443038
1 0.07312252964426877 0.6360759493670886 0.02766798418972332 0.0379746835443038
1 0.07509881422924901 0.689873417721519 0.02766798418972332 0.0379746835443038
2 0.1482213438735178 0.3183025175366173 0.019762845849802372 0.03164556962025317
2 0.23715415019762845 0.4856507231006752 0.019762845849802372 0.03164556962025317
2 0.32608695652173914 0.5305172300425058 0.019762845849802372 0.03164556962025317
2 0.4150197628458498 0.5098610334251261 0.019762845849802372 0.03164556962025317
2 0.5039525691699605 0.44303642733327186 0.019762845849802372 0.03164556962025317
2 0.5909090909090909 0.3076257311283763 0.019762845849802372 0.03164556962025317
2 0.6798418972332015 0.2341989409314301 0.019762845849802372 0.03164556962025317
2 0.7687747035573123 0.40150903605123095 0.019762845849802372 0.03164556962025312
2 0.857707509881423 0.53396638732106 0.019762845849802372 0.03164556962025317
2 0.9466403162055336 0.29128571606619685 0.019762845849802372 0.03164556962025317
3 0.5503952569169961 0.43829113924050633 0.8873517786561265 0.5221518987341772