0 0.13271604938271606 0.7288732394366197 0.08024691358024691 0.13380281690140844
0 0.20164609053497942 0.7411971830985915 0.09465020576131687 0.15845070422535212
0 0.2880658436213992 0.7288732394366197 0.07818930041152264 0.13380281690140844
0 0.3405349794238683 0.7711267605633803 0.12962962962962962 0.22535211267605634
0 0.42592592592592593 0.7605633802816901 0.11522633744855967 0.19718309859154928
0 0.49176954732510286 0.7799295774647887 0.1440329218106996 0.23591549295774647
0 0.5709876543209876 0.7764084507042254 0.13786008230452676 0.23591549295774647
0 0.6862139917695473 0.7165492957746479 0.06378600823045268 0.10915492957746478
0 0.7623456790123457 0.721830985915493 0.0720164609053498 0.11267605633802817
0 0.838477366255144 0.7235915492957746 0.0720164609053498 0.12323943661971831
0 0.9053497942386831 0.7429577464788732 0.09465020576131687 0.1619718309859155
1 0.08333333333333333 0.24119718309859156 0.043209876543209874 0.03873239436619718
1 0.08333333333333333 0.2904929577464789 0.043209876543209874 0.03873239436619718
1 0.08333333333333333 0.3362676056338028 0.043209876543209874 0.03169014084507042
1 0.08333333333333333 0.38380281690140844 0.043209876543209874 0.028169014084507043
1 0.08950617283950617 0.43133802816901406 0.030864197530864196 0.03169014084507042
1 0.08950617283950617 0.4841549295774648 0.030864197530864196 0.03169014084507042
1 0.08950617283950617 0.5299295774647887 0.030864197530864196 0.03169014084507042
1 0.08950617283950617 0.5757042253521126 0.030864197530864196 0.03169014084507042
1 0.09567901234567901 0.6232394366197183 0.018518518518518517 0.028169014084507043
2 0.16255144032921812 0.3308616478189888 0.0205761316872428 0.035211267605633804
2 0.24074074074074073 0.39296639617614876 0.0205761316872428 0.035211267605633804
2 0.31893004115226337 0.4161087226354764 0.0205761316872428 0.035211267605633804
2 0.39711934156378603 0.3953935066358825 0.0205761316872428 0.035211267605633804
2 0.47530864197530864 0.37400463372740644 0.0205761316872428 0.035211267605633804
2 0.5534979423868313 0.38801564931224997 0.0205761316872428 0.035211267605633804
2 0.6316872427983539 0.3046178443754923 0.0205761316872428 0.035211267605633804
2 0.7098765432098766 0.38518118398834245 0.0205761316872428 0.035211267605633804
2 0.7880658436213992 0.4404971087224278 0.0205761316872428 0.035211267605633756
2 0.8662551440329218 0.40393812384343797 0.0205761316872428 0.035211267605633804
2 0.9444444444444444 0.4003419631766615 0.0205761316872428 0.035211267605633804
3 0.5545267489711934 0.43838028169014087 0.8621399176954733 0.3908450704225352