0 0.16563786008230452 0.7589285714285714 0.0720164609053498 0.125
0 0.2448559670781893 0.7785714285714286 0.09053497942386832 0.15
0 0.31790123456790126 0.7910714285714285 0.10905349794238683 0.18928571428571428
0 0.4063786008230453 0.7839285714285714 0.07613168724279835 0.13214285714285715
0 0.4897119341563786 0.7928571428571428 0.11934156378600823 0.17857142857142858
0 0.573045267489712 0.7892857142857143 0.08024691358024691 0.14285714285714285
0 0.6532921810699589 0.8017857142857143 0.09259259259259259 0.16071428571428573
0 0.7366255144032922 0.8 0.09465020576131687 0.16428571428571428
0 0.838477366255144 0.7696428571428572 0.05555555555555555 0.09642857142857143
0 0.918724279835391 0.7785714285714286 0.06790123456790123 0.12142857142857143
1 0.09053497942386832 0.4928571428571429 0.04526748971193416 0.04285714285714286
1 0.09053497942386832 0.5375 0.04526748971193416 0.039285714285714285
1 0.09053497942386832 0.5857142857142857 0.04526748971193416 0.04285714285714286
1 0.09567901234567901 0.6339285714285714 0.03497942386831276 0.039285714285714285
1 0.09567901234567901 0.6839285714285714 0.03497942386831276 0.039285714285714285
2 0.17901234567901234 0.6027812500647817 0.0205761316872428 0.03571428571428571
2 0.26337448559670784 0.5406546072929775 0.0205761316872428 0.03571428571428571
2 0.3477366255144033 0.5896602183024763 0.0205761316872428 0.03571428571428571
2 0.43209876543209874 0.5265291811731441 0.0205761316872428 0.03571428571428571
2 0.5185185185185185 0.5958498564693256 0.0205761316872428 0.03571428571428571
2 0.602880658436214 0.5827394008809941 0.0205761316872428 0.03571428571428571
2 0.6872427983539094 0.5925457402201589 0.0205761316872428 0.03571428571428571
2 0.7716049382716049 0.5686942169025037 0.0205761316872428 0.03571428571428571
2 0.8559670781893004 0.5674177456752828 0.0205761316872428 0.03571428571428571
2 0.9423868312757202 0.6090064905854381 0.0205761316872428 0.03571428571428571
3 0.5627572016460906 0.5928571428571429 0.8539094650205762 0.2