0 0.165625 0.91875 0.0625 0.05
0 0.3203125 0.9166666666666666 0.0625 0.05
0 0.4734375 0.9166666666666666 0.0625 0.05
0 0.6234375 0.9125 0.0625 0.05
0 0.784375 0.9125 0.0625 0.05
1 0.0953125 0.1875 0.0625 0.05
1 0.0953125 0.34375 0.0625 0.05
1 0.1015625 0.50625 0.05 0.05
1 0.103125 0.6666666666666666 0.05 0.05
1 0.090625 0.8270833333333333 0.05 0.05
2 0.165625 0.15437500000000004 0.015625 0.020833333333333332
2 0.3203125 0.29777098250530654 0.015625 0.020833333333333332
2 0.475 0.36611845205170734 0.015625 0.020833333333333332
2 0.628125 0.588307998552298 0.015625 0.020833333333333332
2 0.7828125 0.739753225394392 0.015625 0.020833333333333332
3 0.51328125 0.5083333333333333 0.7671875 0.775