0 0.14759036144578314 0.8576388888888888 0.050200803212851405 0.0625
0 0.21184738955823293 0.8611111111111112 0.050200803212851405 0.0625
0 0.2761044176706827 0.8576388888888888 0.050200803212851405 0.0625
0 0.33835341365461846 0.8576388888888888 0.050200803212851405 0.0625
0 0.4006024096385542 0.8611111111111112 0.050200803212851405 0.0625
0 0.46887550200803213 0.8680555555555556 0.050200803212851405 0.0625
0 0.5271084337349398 0.8541666666666666 0.050200803212851405 0.0625
0 0.5973895582329317 0.8541666666666666 0.050200803212851405 0.0625
0 0.6536144578313253 0.8506944444444444 0.050200803212851405 0.0625
0 0.7158634538152611 0.8541666666666666 0.050200803212851405 0.0625
0 0.7821285140562249 0.8645833333333334 0.050200803212851405 0.0625
0 0.8443775100401606 0.8506944444444444 0.050200803212851405 0.0625
0 0.9106425702811245 0.8576388888888888 0.050200803212851405 0.0625
1 0.06927710843373494 0.1440972222222222 0.05421686746987952 0.059027777777777776
1 0.06726907630522089 0.2517361111111111 0.05421686746987952 0.059027777777777776
1 0.0823293172690763 0.3663194444444444 0.040160642570281124 0.059027777777777776
1 0.08433734939759036 0.4774305555555556 0.040160642570281124 0.059027777777777776
1 0.08734939759036145 0.5885416666666666 0.04216867469879518 0.059027777777777776
1 0.08734939759036145 0.6996527777777778 0.04216867469879518 0.059027777777777776
1 0.0853413654618474 0.8072916666666666 0.04216867469879518 0.059027777777777776
2 0.1465863453815261 0.374084771999097 0.020080321285140562 0.034722222222222224
2 0.20883534136546184 0.2530350984008954 0.020080321285140562 0.034722222222222224
2 0.27309236947791166 0.3775433341019027 0.020080321285140562 0.034722222222222224
2 0.3373493975903614 0.2530350984008954 0.020080321285140562 0.034722222222222224
2 0.39959839357429716 0.3360405888682336 0.020080321285140562 0.034722222222222224
2 0.463855421686747 0.25995222260650686 0.020080321285140562 0.034722222222222224
2 0.5281124497991968 0.25649366050370115 0.020080321285140562 0.034722222222222224
2 0.5903614457831325 0.2772450331205356 0.020080321285140562 0.034722222222222224
2 0.6546184738955824 0.25995222260650686 0.020080321285140562 0.034722222222222224
2 0.7188755020080321 0.3567919614850682 0.020080321285140562 0.034722222222222224
2 0.7811244979919679 0.3913775825131258 0.020080321285140562 0.034722222222222224
2 0.8453815261044176 0.25995222260650686 0.020080321285140562 0.034722222222222224
2 0.9096385542168675 0.4190460793355718 0.020080321285140562 0.034722222222222224
5 0.5301204819277109 0.4774305555555556 0.8313253012048193 0.6701388888888888