0 0.11947791164658635 0.8952205882352942 0.05421686746987952 0.04044117647058824
0 0.2248995983935743 0.8933823529411765 0.05220883534136546 0.03676470588235294
0 0.3293172690763052 0.8933823529411765 0.05220883534136546 0.03676470588235294
0 0.4347389558232932 0.8915441176470589 0.050200803212851405 0.03308823529411765
0 0.5401606425702812 0.8933823529411765 0.05220883534136546 0.03676470588235294
0 0.6445783132530121 0.8952205882352942 0.05220883534136546 0.04044117647058824
0 0.751004016064257 0.8952205882352942 0.05220883534136546 0.04044117647058824
0 0.8554216867469879 0.8970588235294118 0.05220883534136546 0.03676470588235294
0 0.9578313253012049 0.8952205882352942 0.05220883534136546 0.04044117647058824
1 0.0783132530120482 0.23713235294117646 0.040160642570281124 0.04044117647058824
1 0.0783132530120482 0.32536764705882354 0.040160642570281124 0.04044117647058824
1 0.0783132530120482 0.4099264705882353 0.040160642570281124 0.04044117647058824
1 0.08333333333333333 0.4963235294117647 0.030120481927710843 0.04411764705882353
1 0.08333333333333333 0.5808823529411765 0.030120481927710843 0.04411764705882353
1 0.08333333333333333 0.6672794117647058 0.030120481927710843 0.04044117647058824
1 0.08333333333333333 0.7518382352941176 0.030120481927710843 0.04044117647058824
1 0.0893574297188755 0.8400735294117647 0.018072289156626505 0.04044117647058824
2 0.22183856991608505 0.40971359872478363 0.020080321285140562 0.03676470588235294
2 0.2338430473841974 0.41589303944454054 0.020080321285140562 0.03676470588235294
2 0.24446235601870442 0.4234153825947307 0.020080321285140562 0.03676470588235294
2 0.25574537144286563 0.4284302780281908 0.02008032128514059 0.03676470588235294
2 0.265700973287716 0.4359526211783809 0.020080321285140562 0.03676470588235294
2 0.2736654547635969 0.442221240470206 0.020080321285140562 0.03676470588235294
2 0.2869395905567277 0.4472361359036661 0.020080321285140562 0.03676470588235294
2 0.29556777882226504 0.4535047551954912 0.020080321285140562 0.03676470588235289
2 0.30685079424642864 0.46353454606241146 0.020080321285140562 0.03676470588235289
2 0.31747010288093325 0.46102709834568145 0.020080321285140562 0.03676470588235294
2 0.32609829114647065 0.45851965062895134 0.020080321285140562 0.03676470588235294
2 0.33618344345122525 0.45475847905385625 0.020080321285140562 0.03676470588235289
2 0.34971285108653166 0.44598241204530115 0.020080321285140562 0.03676470588235294
2 0.3598599068130139 0.440967516611841 0.020080321285140562 0.03676470588235294
2 0.36797755139420013 0.4284302780281908 0.020080321285140562 0.03676470588235294
2 0.37947754788421056 0.41463931558617556 0.020080321285140562 0.03676470588235294
2 0.3909775443742234 0.4037061719034512 0.020080321285140562 0.03676470588235294
2 0.40112460010070555 0.3904898328965199 0.020080321285140562 0.03676470588235294
2 0.412624596590716 0.38448240607518747 0.020080321285140562 0.03676470588235294
2 0.4227716523171982 0.3820794353466545 0.020080321285140562 0.03676470588235294
2 0.4335951784254457 0.3892883475322535 0.020080321285140562 0.03676470588235294
2 0.44491871825455226 0.39409428898931936 0.020080321285140562 0.03676470588235294
2 0.45354690652008967 0.4001017158106518 0.020080321285140562 0.03676470588235294
2 0.4641662151545967 0.40130320117491824 0.020080321285140562 0.03676470588235294
2 0.47744035094772747 0.3989002304463853 0.020080321285140562 0.03676470588235294
2 0.4873959527925779 0.3976987450821188 0.020080321285140562 0.03676470588235294
2 0.4973515546374284 0.3952957743535858 0.020080321285140562 0.03676470588235294
2 0.5073071564822764 0.3928928036250529 0.020080321285140507 0.03676470588235294
2 0.517262758327127 0.3892883475322535 0.020080321285140562 0.03676470588235294
2 0.529209480540947 0.3892883475322535 0.020080321285140562 0.03676470588235294
2 0.6528143401510068 0.4001017158106518 0.020080321285140562 0.03676470588235294
2 0.6636378662592519 0.41463931558617556 0.020080321285140562 0.03676470588235294
2 0.6737849219857341 0.4271765541698257 0.020080321285140562 0.03676470588235294
2 0.6839319777122164 0.4334451734616509 0.020080321285140562 0.03676470588235294
2 0.6947555038204614 0.43469889732001593 0.020080321285140562 0.03676470588235294
2 0.7069319706922396 0.4334451734616509 0.020080321285140562 0.03676470588235294
2 0.7164025560369565 0.43219144960328587 0.020080321285140562 0.03676470588235294
2 0.7272260821452016 0.4259228303114607 0.020080321285140562 0.03676470588235294
2 0.7379143141770965 0.41877660431878017 0.020080321285140562 0.03676470588235294
2 0.7484672521326364 0.40983374726121036 0.020080321285140562 0.03676470588235294
2 0.7612582859644519 0.4083919648240905 0.020080321285140562 0.03676470588235294
2 0.7716121118830949 0.40550839994985094 0.020080321285140562 0.03676470588235294
2 0.7811694896541503 0.4011830526384916 0.020080321285140562 0.03676470588235294
2 0.7915233155727958 0.40550839994985094 0.020080321285140562 0.03676470588235294
2 0.8018771414914387 0.40262483507561136 0.020080321285140562 0.03676470588235294
2 0.8114345192624943 0.40983374726121036 0.020080321285140562 0.03676470588235294
2 0.821589233144241 0.40983374726121036 0.020080321285140562 0.03676470588235294
2 0.8325403951735751 0.40622929116841083 0.020080321285140562 0.03676470588235294
2 0.8434915572029091 0.40262483507561136 0.020080321285140562 0.03676470588235294
2 0.8534471590477597 0.39541592289001254 0.020080321285140562 0.03676470588235294
2 0.8625415375150691 0.38280032656521445 0.020080321285140562 0.03676470588235294
2 0.8747180043868472 0.3647780461012172 0.020080321285140562 0.03676470588235294
2 0.8828356489680311 0.3413490814980208 0.020080321285140562 0.03676470588235294
2 0.8950121158398093 0.3287334851732227 0.020080321285140562 0.03676470588235294
2 0.9041444659936422 0.33594239735882164 0.020080321285140562 0.03676470588235294
6 0.5401606425702812 0.5404411764705882 0.8433734939759037 0.6029411764705882