0 0.15732758620689655 0.7992831541218638 0.07327586206896551 0.12186379928315412
0 0.2273706896551724 0.8207885304659498 0.10129310344827586 0.17204301075268819
0 0.3254310344827586 0.7992831541218638 0.07327586206896551 0.12186379928315412
0 0.38362068965517243 0.8422939068100358 0.125 0.2078853046594982
0 0.49461206896551724 0.8046594982078853 0.07974137931034483 0.12544802867383512
0 0.5872844827586207 0.7831541218637993 0.05387931034482758 0.08960573476702509
0 0.6422413793103449 0.8315412186379928 0.11206896551724138 0.2007168458781362
0 0.7359913793103449 0.8118279569892473 0.09267241379310345 0.15412186379928317
0 0.8049568965517241 0.8405017921146953 0.12284482758620689 0.20430107526881722
0 0.9116379310344828 0.8100358422939068 0.08620689655172414 0.13620071684587814
1 0.0894396551724138 0.13799283154121864 0.0625 0.03942652329749104
1 0.0894396551724138 0.2168458781362007 0.0625 0.03942652329749104
1 0.09051724137931035 0.2992831541218638 0.0603448275862069 0.03942652329749104
1 0.09698275862068965 0.3817204301075269 0.05172413793103448 0.03942652329749104
1 0.09698275862068965 0.46236559139784944 0.05172413793103448 0.043010752688172046
1 0.09698275862068965 0.543010752688172 0.05172413793103448 0.03942652329749104
1 0.09698275862068965 0.6254480286738351 0.05172413793103448 0.03942652329749104
1 0.10237068965517242 0.7078853046594982 0.036637931034482756 0.03942652329749104
2 0.1853448275862069 0.28893363313193887 0.021551724137931036 0.035842293906810034
2 0.26939655172413796 0.42321144025450286 0.021551724137931036 0.035842293906810034
2 0.35344827586206895 0.5952937509739754 0.021551724137931036 0.035842293906810034
2 0.4353448275862069 0.5430886707184043 0.021551724137931036 0.035842293906810034
2 0.521551724137931 0.37158909371027765 0.021551724137931036 0.035842293906810034
2 0.603448275862069 0.3464330839690441 0.021551724137931036 0.035842293906810034
2 0.6896551724137931 0.26737133906802446 0.021551724137931036 0.035842293906810034
2 0.7758620689655172 0.31049592719585334 0.021551724137931036 0.035842293906810034
2 0.8577586206896551 0.491662770765155 0.021551724137931036 0.035842293906810034
2 0.9418103448275862 0.20268445687628103 0.021551724137931036 0.035842293906810034
5 0.5635775862068966 0.42473118279569894 0.8426724137931034 0.5770609318996416